diningtable 429 176 499 211
diningtable 78 182 259 215
diningtable 291 162 383 193
chair 373 171 433 214
chair 351 165 373 211
chair 388 156 418 175
chair 316 165 356 213
chair 295 157 310 164
chair 281 158 309 206
chair 274 158 282 171
chair 259 172 291 214
chair 235 164 260 186
chair 252 159 266 169
chair 174 163 208 180
chair 117 179 179 213
chair 97 165 129 189
chair 123 164 134 174
chair 85 161 94 189
chair 53 162 79 211
person 458 136 495 175
person 47 139 77 164
person 37 140 51 167
person 12 140 37 172
